         q                   u
  0.15584405E+01     -0.51368856E-04
  0.31137642E+01     -0.10263497E-03
  0.46659740E+01     -0.15379846E-03
  0.62150733E+01     -0.20485941E-03
  0.77610650E+01     -0.25581793E-03
  0.93039523E+01     -0.30667413E-03
  0.10843738E+02     -0.35742810E-03
  0.12380426E+02     -0.40807995E-03
  0.13914019E+02     -0.45862978E-03
  0.15444520E+02     -0.50907770E-03
  0.16971932E+02     -0.55942381E-03
  0.18496259E+02     -0.60966821E-03
  0.20017502E+02     -0.65981100E-03
  0.21535667E+02     -0.70985229E-03
  0.23050755E+02     -0.75979217E-03
  0.24562770E+02     -0.80963076E-03
  0.26071715E+02     -0.85936815E-03
  0.27577593E+02     -0.90900446E-03
  0.29080407E+02     -0.95853977E-03
  0.30580160E+02     -0.10079742E-02
  0.32076856E+02     -0.10573078E-02
  0.33570497E+02     -0.11065408E-02
  0.35061087E+02     -0.11556732E-02
  0.36548628E+02     -0.12047051E-02
  0.38033125E+02     -0.12536366E-02
  0.39514580E+02     -0.13024679E-02
  0.40992995E+02     -0.13511990E-02
  0.42468375E+02     -0.13998300E-02
  0.43940722E+02     -0.14483611E-02
  0.45410040E+02     -0.14967923E-02
  0.46876331E+02     -0.15451238E-02
  0.48339599E+02     -0.15933556E-02
  0.49799847E+02     -0.16414878E-02
  0.51257078E+02     -0.16895207E-02
  0.52711295E+02     -0.17374541E-02
  0.54162501E+02     -0.17852884E-02
  0.55610700E+02     -0.18330234E-02
  0.57055893E+02     -0.18806595E-02
  0.58498086E+02     -0.19281966E-02
  0.59937280E+02     -0.19756349E-02
  0.61373479E+02     -0.20229745E-02
  0.62806686E+02     -0.20702154E-02
  0.64236904E+02     -0.21173578E-02
  0.65664136E+02     -0.21644018E-02
  0.67088385E+02     -0.22113475E-02
  0.68509655E+02     -0.22581950E-02
  0.69927948E+02     -0.23049443E-02
  0.71343268E+02     -0.23515957E-02
  0.72755617E+02     -0.23981492E-02
  0.74165000E+02     -0.24446048E-02
  0.75571419E+02     -0.24909628E-02
  0.76974876E+02     -0.25372231E-02
  0.78375376E+02     -0.25833860E-02
  0.79772921E+02     -0.26294514E-02
  0.81167515E+02     -0.26754196E-02
  0.82559160E+02     -0.27212906E-02
  0.83947860E+02     -0.27670646E-02
  0.85333618E+02     -0.28127415E-02
  0.86716437E+02     -0.28583216E-02
  0.88096320E+02     -0.29038049E-02
  0.89473270E+02     -0.29491915E-02
  0.90847291E+02     -0.29944815E-02
  0.92218384E+02     -0.30396751E-02
  0.93586555E+02     -0.30847724E-02
  0.94951805E+02     -0.31297733E-02
  0.96314138E+02     -0.31746781E-02
  0.97673557E+02     -0.32194869E-02
  0.99030065E+02     -0.32641997E-02
  0.10038366E+03     -0.33088167E-02
  0.10173436E+03     -0.33533379E-02
  0.10308215E+03     -0.33977635E-02
  0.10442705E+03     -0.34420935E-02
  0.10576905E+03     -0.34863281E-02
  0.10710816E+03     -0.35304674E-02
  0.10844438E+03     -0.35745114E-02
  0.10977771E+03     -0.36184603E-02
  0.11110816E+03     -0.36623142E-02
  0.11243573E+03     -0.37060732E-02
  0.11376042E+03     -0.37497373E-02
  0.11508224E+03     -0.37933068E-02
  0.11640119E+03     -0.38367816E-02
  0.11771727E+03     -0.38801619E-02
  0.11903049E+03     -0.39234478E-02
  0.12034085E+03     -0.39666394E-02
  0.12164834E+03     -0.40097368E-02
  0.12295299E+03     -0.40527401E-02
  0.12425478E+03     -0.40956494E-02
  0.12555373E+03     -0.41384648E-02
  0.12684982E+03     -0.41811864E-02
  0.12814308E+03     -0.42238143E-02
  0.12943350E+03     -0.42663487E-02
  0.13072108E+03     -0.43087895E-02
  0.13200583E+03     -0.43511370E-02
  0.13328774E+03     -0.43933912E-02
  0.13456683E+03     -0.44355522E-02
  0.13584310E+03     -0.44776202E-02
  0.13711655E+03     -0.45195952E-02
  0.13838718E+03     -0.45614773E-02
  0.13965500E+03     -0.46032667E-02
  0.14092000E+03     -0.46449634E-02
  0.14218220E+03     -0.46865675E-02
  0.14344159E+03     -0.47280792E-02
  0.14469818E+03     -0.47694986E-02
  0.14595197E+03     -0.48108257E-02
  0.14720296E+03     -0.48520606E-02
  0.14845117E+03     -0.48932035E-02
  0.14969658E+03     -0.49342545E-02
  0.15093921E+03     -0.49752136E-02
  0.15217906E+03     -0.50160810E-02
  0.15341612E+03     -0.50568568E-02
  0.15465041E+03     -0.50975410E-02
  0.15588192E+03     -0.51381339E-02
  0.15711067E+03     -0.51786353E-02
  0.15833664E+03     -0.52190456E-02
  0.15955985E+03     -0.52593648E-02
  0.16078031E+03     -0.52995929E-02
  0.16199800E+03     -0.53397301E-02
  0.16321294E+03     -0.53797766E-02
  0.16442512E+03     -0.54197323E-02
  0.16563456E+03     -0.54595974E-02
  0.16684125E+03     -0.54993720E-02
  0.16804520E+03     -0.55390562E-02
  0.16924641E+03     -0.55786502E-02
  0.17044488E+03     -0.56181539E-02
  0.17164062E+03     -0.56575675E-02
  0.17283364E+03     -0.56968912E-02
  0.17402392E+03     -0.57361250E-02
  0.17521148E+03     -0.57752690E-02
  0.17639632E+03     -0.58143233E-02
  0.17757844E+03     -0.58532880E-02
  0.17875785E+03     -0.58921633E-02
  0.17993454E+03     -0.59309492E-02
  0.18110853E+03     -0.59696459E-02
  0.18227981E+03     -0.60082533E-02
  0.18344839E+03     -0.60467718E-02
  0.18461428E+03     -0.60852012E-02
  0.18577746E+03     -0.61235418E-02
  0.18693796E+03     -0.61617937E-02
  0.18809576E+03     -0.61999569E-02
  0.18925088E+03     -0.62380316E-02
  0.19040331E+03     -0.62760178E-02
  0.19155307E+03     -0.63139157E-02
  0.19270015E+03     -0.63517253E-02
  0.19384455E+03     -0.63894468E-02
  0.19498628E+03     -0.64270803E-02
  0.19612535E+03     -0.64646258E-02
  0.19726175E+03     -0.65020836E-02
  0.19839549E+03     -0.65394536E-02
  0.19952657E+03     -0.65767359E-02
  0.20065500E+03     -0.66139308E-02
  0.20178077E+03     -0.66510382E-02
  0.20290390E+03     -0.66880584E-02
  0.20402438E+03     -0.67249913E-02
  0.20514222E+03     -0.67618371E-02
  0.20625741E+03     -0.67985959E-02
  0.20736998E+03     -0.68352679E-02
  0.20847990E+03     -0.68718530E-02
  0.20958720E+03     -0.69083514E-02
  0.21069187E+03     -0.69447632E-02
  0.21179392E+03     -0.69810886E-02
  0.21289335E+03     -0.70173275E-02
  0.21399015E+03     -0.70534802E-02
  0.21508435E+03     -0.70895467E-02
  0.21617593E+03     -0.71255271E-02
  0.21726490E+03     -0.71614216E-02
  0.21835127E+03     -0.71972301E-02
  0.21943504E+03     -0.72329529E-02
  0.22051621E+03     -0.72685901E-02
  0.22159478E+03     -0.73041417E-02
  0.22267076E+03     -0.73396078E-02
  0.22374415E+03     -0.73749885E-02
  0.22481495E+03     -0.74102840E-02
  0.22588317E+03     -0.74454944E-02
  0.22694881E+03     -0.74806197E-02
  0.22801187E+03     -0.75156600E-02
  0.22907236E+03     -0.75506155E-02
  0.23013028E+03     -0.75854863E-02
  0.23118563E+03     -0.76202724E-02
  0.23223842E+03     -0.76549740E-02
  0.23328864E+03     -0.76895912E-02
  0.23433631E+03     -0.77241240E-02
  0.23538142E+03     -0.77585726E-02
  0.23642397E+03     -0.77929371E-02
  0.23746398E+03     -0.78276820E-02
  0.23850144E+03     -0.78631988E-02
  0.23953637E+03     -0.78984767E-02
  0.24056875E+03     -0.79336958E-02
  0.24159859E+03     -0.79688243E-02
  0.24262590E+03     -0.80038679E-02
  0.24365068E+03     -0.80399198E-02
  0.24467293E+03     -0.80794138E-02
  0.24569266E+03     -0.81199212E-02
  0.24670987E+03     -0.81602669E-02
  0.24772456E+03     -0.82009387E-02
  0.24873673E+03     -0.82442613E-02
  0.24974640E+03     -0.82884515E-02
  0.25075355E+03     -0.83325394E-02
  0.25175820E+03     -0.83765203E-02
  0.25276035E+03     -0.84203944E-02
  0.25376000E+03     -0.84644916E-02
  0.25475715E+03     -0.85135774E-02
  0.25575181E+03     -0.85632007E-02
  0.25674398E+03     -0.86138496E-02
  0.25773367E+03     -0.86665036E-02
  0.25872086E+03     -0.87190106E-02
  0.25970558E+03     -0.87714150E-02
  0.26068783E+03     -0.88237179E-02
  0.26166759E+03     -0.88793489E-02
  0.26264489E+03     -0.89406820E-02
  0.26361972E+03     -0.90024066E-02
  0.26459208E+03     -0.90640888E-02
  0.26556199E+03     -0.91257064E-02
  0.26652943E+03     -0.91872573E-02
  0.26749442E+03     -0.92487405E-02
  0.26845695E+03     -0.93101548E-02
  0.26941704E+03     -0.93714995E-02
  0.27037468E+03     -0.94327735E-02
  0.27132988E+03     -0.94939758E-02
  0.27228264E+03     -0.95551056E-02
  0.27323296E+03     -0.96161619E-02
  0.27418085E+03     -0.96786379E-02
  0.27512630E+03     -0.97422189E-02
  0.27606933E+03     -0.98081130E-02
  0.27700994E+03     -0.98741240E-02
  0.27794812E+03     -0.99400614E-02
  0.27888389E+03     -0.10005924E-01
  0.27981724E+03     -0.10071710E-01
  0.28074818E+03     -0.10137419E-01
  0.28167671E+03     -0.10203050E-01
  0.28260284E+03     -0.10268602E-01
  0.28352656E+03     -0.10334075E-01
  0.28444789E+03     -0.10399467E-01
  0.28536682E+03     -0.10464777E-01
  0.28628335E+03     -0.10530005E-01
  0.28719749E+03     -0.10595150E-01
  0.28810925E+03     -0.10660210E-01
  0.28901863E+03     -0.10725185E-01
  0.28992562E+03     -0.10790075E-01
  0.29083024E+03     -0.10854878E-01
  0.29173248E+03     -0.10919594E-01
  0.29263235E+03     -0.10984221E-01
  0.29352985E+03     -0.11049162E-01
  0.29442499E+03     -0.11118687E-01
  0.29531777E+03     -0.11188256E-01
  0.29620818E+03     -0.11257633E-01
  0.29709625E+03     -0.11326944E-01
  0.29798196E+03     -0.11396200E-01
  0.29886532E+03     -0.11465400E-01
  0.29974633E+03     -0.11534545E-01
  0.30062500E+03     -0.11603632E-01
  0.30150133E+03     -0.11672661E-01
  0.30237532E+03     -0.11741632E-01
  0.30324698E+03     -0.11811854E-01
  0.30411631E+03     -0.11882367E-01
  0.30498331E+03     -0.11954278E-01
  0.30584799E+03     -0.12026512E-01
  0.30671035E+03     -0.12100021E-01
  0.30757039E+03     -0.12174377E-01
  0.30842811E+03     -0.12248627E-01
  0.30928352E+03     -0.12322836E-01
  0.31013662E+03     -0.12397009E-01
  0.31098742E+03     -0.12471147E-01
  0.31183591E+03     -0.12545249E-01
  0.31268211E+03     -0.12619637E-01
  0.31352600E+03     -0.12693479E-01
  0.31436761E+03     -0.12767000E-01
  0.31520692E+03     -0.12840397E-01
  0.31604395E+03     -0.12913721E-01
  0.31687870E+03     -0.12986989E-01
  0.31771116E+03     -0.13060204E-01
  0.31854135E+03     -0.13133365E-01
  0.31936926E+03     -0.13206473E-01
  0.32019490E+03     -0.13279526E-01
  0.32101827E+03     -0.13353058E-01
  0.32183937E+03     -0.13427524E-01
  0.32265822E+03     -0.13502694E-01
  0.32347481E+03     -0.13579024E-01
  0.32428914E+03     -0.13655178E-01
  0.32510121E+03     -0.13731241E-01
  0.32591104E+03     -0.13807237E-01
  0.32671862E+03     -0.13883173E-01
  0.32752396E+03     -0.13959051E-01
  0.32832706E+03     -0.14034869E-01
  0.32912792E+03     -0.14110628E-01
  0.32992654E+03     -0.14186326E-01
  0.33072294E+03     -0.14261962E-01
  0.33151711E+03     -0.14337535E-01
  0.33230905E+03     -0.14413044E-01
  0.33309878E+03     -0.14488488E-01
  0.33388628E+03     -0.14564099E-01
  0.33467157E+03     -0.14640980E-01
  0.33545465E+03     -0.14717900E-01
  0.33623551E+03     -0.14794673E-01
  0.33701418E+03     -0.14871683E-01
  0.33779063E+03     -0.14948792E-01
  0.33856489E+03     -0.15025863E-01
  0.33933696E+03     -0.15102871E-01
  0.34010683E+03     -0.15179812E-01
  0.34087451E+03     -0.15256684E-01
  0.34164000E+03     -0.15333486E-01
  0.34240331E+03     -0.15410217E-01
  0.34316444E+03     -0.15488021E-01
  0.34392339E+03     -0.15566937E-01
  0.34468016E+03     -0.15645823E-01
  0.34543476E+03     -0.15724622E-01
  0.34618720E+03     -0.15804504E-01
  0.34693747E+03     -0.15884821E-01
  0.34768558E+03     -0.15964970E-01
  0.34843153E+03     -0.16045027E-01
  0.34917532E+03     -0.16125001E-01
  0.34991696E+03     -0.16206176E-01
  0.35065645E+03     -0.16287435E-01
  0.35139379E+03     -0.16370081E-01
  0.35212899E+03     -0.16452649E-01
  0.35286205E+03     -0.16535152E-01
  0.35359298E+03     -0.16617592E-01
  0.35432177E+03     -0.16700349E-01
  0.35504842E+03     -0.16784692E-01
  0.35577295E+03     -0.16870030E-01
  0.35649536E+03     -0.16955849E-01
  0.35721564E+03     -0.17041561E-01
  0.35793381E+03     -0.17127214E-01
  0.35864986E+03     -0.17212816E-01
  0.35936380E+03     -0.17298368E-01
  0.36007562E+03     -0.17383868E-01
  0.36078535E+03     -0.17469313E-01
  0.36149297E+03     -0.17554703E-01
  0.36219849E+03     -0.17640036E-01
  0.36290191E+03     -0.17725310E-01
  0.36360324E+03     -0.17810523E-01
  0.36430248E+03     -0.17895672E-01
  0.36499963E+03     -0.17981555E-01
  0.36569470E+03     -0.18067715E-01
  0.36638769E+03     -0.18153789E-01
  0.36707859E+03     -0.18241459E-01
  0.36776743E+03     -0.18329620E-01
  0.36845419E+03     -0.18420413E-01
  0.36913889E+03     -0.18511222E-01
  0.36982151E+03     -0.18601912E-01
  0.37050208E+03     -0.18692543E-01
  0.37118059E+03     -0.18783123E-01
  0.37185704E+03     -0.18874655E-01
  0.37253144E+03     -0.18966399E-01
  0.37320378E+03     -0.19058033E-01
  0.37387408E+03     -0.19149605E-01
  0.37454234E+03     -0.19241122E-01
  0.37520856E+03     -0.19332584E-01
  0.37587274E+03     -0.19423986E-01
  0.37653489E+03     -0.19515329E-01
  0.37719500E+03     -0.19606610E-01
  0.37785309E+03     -0.19697825E-01
  0.37850915E+03     -0.19788974E-01
  0.37916319E+03     -0.19880052E-01
  0.37981521E+03     -0.19971060E-01
  0.38046521E+03     -0.20061992E-01
  0.38111321E+03     -0.20152848E-01
  0.38175919E+03     -0.20243625E-01
  0.38240317E+03     -0.20334321E-01
  0.38304515E+03     -0.20424933E-01
  0.38368512E+03     -0.20516077E-01
  0.38432310E+03     -0.20608376E-01
  0.38495908E+03     -0.20700630E-01
  0.38559308E+03     -0.20793197E-01
  0.38622508E+03     -0.20887065E-01
  0.38685510E+03     -0.20980693E-01
  0.38748315E+03     -0.21074196E-01
  0.38810921E+03     -0.21167597E-01
  0.38873330E+03     -0.21260899E-01
  0.38935541E+03     -0.21354101E-01
  0.38997556E+03     -0.21447200E-01
  0.39059374E+03     -0.21540195E-01
  0.39120996E+03     -0.21633084E-01
  0.39182422E+03     -0.21725864E-01
  0.39243652E+03     -0.21818535E-01
  0.39304687E+03     -0.21911093E-01
  0.39365528E+03     -0.22003538E-01
  0.39426173E+03     -0.22095866E-01
  0.39486624E+03     -0.22188077E-01
  0.39546881E+03     -0.22280168E-01
  0.39606944E+03     -0.22372138E-01
  0.39666814E+03     -0.22463985E-01
  0.39726490E+03     -0.22555707E-01
  0.39785974E+03     -0.22647302E-01
  0.39845265E+03     -0.22738769E-01
  0.39904364E+03     -0.22830105E-01
  0.39963272E+03     -0.22921309E-01
  0.40021987E+03     -0.23012380E-01
  0.40080512E+03     -0.23103315E-01
  0.40138845E+03     -0.23194114E-01
  0.40196988E+03     -0.23284773E-01
  0.40254940E+03     -0.23375293E-01
  0.40312703E+03     -0.23465670E-01
  0.40370276E+03     -0.23556493E-01
  0.40427659E+03     -0.23648222E-01
  0.40484853E+03     -0.23739933E-01
  0.40541859E+03     -0.23831528E-01
  0.40598676E+03     -0.23923219E-01
  0.40655305E+03     -0.24016562E-01
  0.40711746E+03     -0.24110479E-01
  0.40768000E+03     -0.24204177E-01
  0.40824066E+03     -0.24297716E-01
  0.40879946E+03     -0.24391105E-01
  0.40935639E+03     -0.24484344E-01
  0.40991146E+03     -0.24577431E-01
  0.41046466E+03     -0.24670546E-01
  0.41101602E+03     -0.24764726E-01
  0.41156551E+03     -0.24859310E-01
  0.41211316E+03     -0.24955673E-01
  0.41265896E+03     -0.25051966E-01
  0.41320292E+03     -0.25148118E-01
  0.41374504E+03     -0.25244120E-01
  0.41428531E+03     -0.25339971E-01
  0.41482376E+03     -0.25435668E-01
  0.41536037E+03     -0.25531209E-01
  0.41589515E+03     -0.25626593E-01
  0.41642811E+03     -0.25722635E-01
  0.41695925E+03     -0.25819360E-01
  0.41748857E+03     -0.25916563E-01
  0.41801607E+03     -0.26013624E-01
  0.41854176E+03     -0.26110517E-01
  0.41906564E+03     -0.26207252E-01
  0.41958771E+03     -0.26303828E-01
  0.42010798E+03     -0.26400788E-01
  0.42062645E+03     -0.26497955E-01
  0.42114312E+03     -0.26594954E-01
  0.42165800E+03     -0.26691791E-01
  0.42217109E+03     -0.26790576E-01
  0.42268239E+03     -0.26890204E-01
  0.42319191E+03     -0.26990663E-01
  0.42369964E+03     -0.27091366E-01
  0.42420560E+03     -0.27191966E-01
  0.42470978E+03     -0.27293399E-01
  0.42521218E+03     -0.27394653E-01
  0.42571282E+03     -0.27495736E-01
  0.42621169E+03     -0.27596649E-01
  0.42670881E+03     -0.27697391E-01
  0.42720416E+03     -0.27797958E-01
  0.42769775E+03     -0.27898351E-01
  0.42818959E+03     -0.27998566E-01
  0.42867968E+03     -0.28098601E-01
  0.42916802E+03     -0.28199729E-01
  0.42965462E+03     -0.28300639E-01
  0.43013948E+03     -0.28401357E-01
  0.43062260E+03     -0.28501889E-01
  0.43110398E+03     -0.28602234E-01
  0.43158364E+03     -0.28702390E-01
  0.43206156E+03     -0.28802355E-01
  0.43253776E+03     -0.28902128E-01
  0.43301224E+03     -0.29001707E-01
  0.43348500E+03     -0.29101090E-01
  0.43395604E+03     -0.29200686E-01
  0.43442537E+03     -0.29301098E-01
  0.43489299E+03     -0.29401286E-01
  0.43535891E+03     -0.29501279E-01
  0.43582311E+03     -0.29601082E-01
  0.43628562E+03     -0.29700693E-01
  0.43674644E+03     -0.29800110E-01
  0.43720555E+03     -0.29899331E-01
  0.43766298E+03     -0.29998356E-01
  0.43811872E+03     -0.30097182E-01
  0.43857277E+03     -0.30195809E-01
  0.43902515E+03     -0.30294234E-01
  0.43947584E+03     -0.30392456E-01
  0.43992486E+03     -0.30491488E-01
  0.44037220E+03     -0.30592354E-01
  0.44081788E+03     -0.30693087E-01
  0.44126189E+03     -0.30794498E-01
  0.44170424E+03     -0.30897764E-01
  0.44214493E+03     -0.31000728E-01
  0.44258396E+03     -0.31103489E-01
  0.44302134E+03     -0.31206050E-01
  0.44345706E+03     -0.31308409E-01
  0.44389114E+03     -0.31411242E-01
  0.44432358E+03     -0.31513955E-01
  0.44475437E+03     -0.31618634E-01
  0.44518353E+03     -0.31723803E-01
  0.44561105E+03     -0.31828823E-01
  0.44603694E+03     -0.31933635E-01
  0.44646120E+03     -0.32038229E-01
  0.44688384E+03     -0.32142602E-01
  0.44730485E+03     -0.32246753E-01
  0.44772425E+03     -0.32350681E-01
  0.44814203E+03     -0.32454383E-01
  0.44855819E+03     -0.32557858E-01
  0.44897274E+03     -0.32661104E-01
  0.44938569E+03     -0.32764120E-01
  0.44979704E+03     -0.32866903E-01
  0.45020678E+03     -0.32969453E-01
  0.45061493E+03     -0.33071768E-01
  0.45102148E+03     -0.33173845E-01
  0.45142644E+03     -0.33275683E-01
  0.45182981E+03     -0.33377282E-01
  0.45223160E+03     -0.33478639E-01
  0.45263181E+03     -0.33579753E-01
  0.45303043E+03     -0.33680623E-01
  0.45342749E+03     -0.33781249E-01
  0.45382297E+03     -0.33883174E-01
  0.45421688E+03     -0.33984807E-01
  0.45460922E+03     -0.34086191E-01
  0.45500000E+03     -0.34187331E-01
  0.45538922E+03     -0.34288226E-01
  0.45577688E+03     -0.34388873E-01
  0.45616299E+03     -0.34493929E-01
  0.45654755E+03     -0.34600908E-01
  0.45693056E+03     -0.34707890E-01
  0.45731203E+03     -0.34816837E-01
  0.45769196E+03     -0.34925748E-01
  0.45807035E+03     -0.35034483E-01
  0.45844720E+03     -0.35143025E-01
  0.45882252E+03     -0.35251368E-01
  0.45919631E+03     -0.35359505E-01
  0.45956858E+03     -0.35467434E-01
  0.45993932E+03     -0.35575155E-01
  0.46030855E+03     -0.35682661E-01
  0.46067625E+03     -0.35789953E-01
  0.46104245E+03     -0.35897027E-01
  0.46140713E+03     -0.36003883E-01
  0.46177031E+03     -0.36111067E-01
  0.46213199E+03     -0.36218037E-01
  0.46249216E+03     -0.36324768E-01
  0.46285084E+03     -0.36431263E-01
  0.46320802E+03     -0.36537524E-01
  0.46356371E+03     -0.36643547E-01
  0.46391791E+03     -0.36749333E-01
  0.46427062E+03     -0.36854881E-01
  0.46462186E+03     -0.36962076E-01
  0.46497162E+03     -0.37070167E-01
  0.46531990E+03     -0.37178029E-01
  0.46566670E+03     -0.37285647E-01
  0.46601204E+03     -0.37393021E-01
  0.46635591E+03     -0.37500148E-01
  0.46669832E+03     -0.37607029E-01
  0.46703927E+03     -0.37713662E-01
  0.46737876E+03     -0.37820042E-01
  0.46771679E+03     -0.37926169E-01
  0.46805338E+03     -0.38032040E-01
  0.46838852E+03     -0.38138671E-01
  0.46872221E+03     -0.38246248E-01
  0.46905447E+03     -0.38353967E-01
  0.46938528E+03     -0.38461893E-01
  0.46971466E+03     -0.38569549E-01
  0.47004261E+03     -0.38676947E-01
  0.47036912E+03     -0.38784085E-01
  0.47069422E+03     -0.38890961E-01
  0.47101788E+03     -0.38997572E-01
  0.47134013E+03     -0.39103917E-01
  0.47166097E+03     -0.39209994E-01
  0.47198039E+03     -0.39315799E-01
  0.47229840E+03     -0.39421331E-01
  0.47261500E+03     -0.39526589E-01
  0.47293020E+03     -0.39631569E-01
  0.47324400E+03     -0.39738034E-01
  0.47355640E+03     -0.39844326E-01
  0.47386740E+03     -0.39950340E-01
  0.47417701E+03     -0.40056082E-01
  0.47448524E+03     -0.40161549E-01
  0.47479208E+03     -0.40266739E-01
  0.47509754E+03     -0.40371652E-01
  0.47540162E+03     -0.40476282E-01
  0.47570432E+03     -0.40580631E-01
  0.47600565E+03     -0.40684694E-01
  0.47630561E+03     -0.40788473E-01
  0.47660420E+03     -0.40891962E-01
  0.47690143E+03     -0.40995161E-01
  0.47719730E+03     -0.41098068E-01
  0.47749182E+03     -0.41200682E-01
  0.47778498E+03     -0.41303000E-01
  0.47807678E+03     -0.41405021E-01
  0.47836724E+03     -0.41506744E-01
  0.47865636E+03     -0.41608165E-01
  0.47894413E+03     -0.41709285E-01
  0.47923057E+03     -0.41810102E-01
  0.47951567E+03     -0.41910612E-01
  0.47979944E+03     -0.42010816E-01
  0.48008188E+03     -0.42111234E-01
  0.48036299E+03     -0.42214922E-01
  0.48064278E+03     -0.42321407E-01
  0.48092125E+03     -0.42428280E-01
  0.48119840E+03     -0.42534886E-01
  0.48147424E+03     -0.42641222E-01
  0.48174877E+03     -0.42747286E-01
  0.48202199E+03     -0.42853075E-01
  0.48229391E+03     -0.42958587E-01
  0.48256453E+03     -0.43063820E-01
  0.48283385E+03     -0.43168771E-01
  0.48310187E+03     -0.43273437E-01
  0.48336860E+03     -0.43377817E-01
  0.48363405E+03     -0.43481908E-01
  0.48389820E+03     -0.43585708E-01
  0.48416108E+03     -0.43689216E-01
  0.48442268E+03     -0.43792428E-01
  0.48468300E+03     -0.43895342E-01
  0.48494205E+03     -0.43997957E-01
  0.48519982E+03     -0.44100270E-01
  0.48545634E+03     -0.44202279E-01
  0.48571158E+03     -0.44303983E-01
  0.48596557E+03     -0.44405379E-01
  0.48621830E+03     -0.44509071E-01
  0.48646978E+03     -0.44613990E-01
  0.48672000E+03     -0.44718622E-01
  0.48696898E+03     -0.44822965E-01
  0.48721671E+03     -0.44927016E-01
  0.48746320E+03     -0.45030773E-01
  0.48770845E+03     -0.45134235E-01
  0.48795247E+03     -0.45237398E-01
  0.48819525E+03     -0.45340261E-01
  0.48843680E+03     -0.45442822E-01
  0.48867713E+03     -0.45545077E-01
  0.48891624E+03     -0.45647026E-01
  0.48915412E+03     -0.45748667E-01
  0.48939079E+03     -0.45849997E-01
  0.48962624E+03     -0.45951014E-01
  0.48986049E+03     -0.46051717E-01
  0.49009352E+03     -0.46153421E-01
  0.49032536E+03     -0.46255465E-01
  0.49055599E+03     -0.46357200E-01
  0.49078542E+03     -0.46458621E-01
  0.49101366E+03     -0.46559728E-01
  0.49124070E+03     -0.46660520E-01
  0.49146656E+03     -0.46760993E-01
  0.49169123E+03     -0.46861146E-01
  0.49191472E+03     -0.46960978E-01
  0.49213703E+03     -0.47060486E-01
  0.49235816E+03     -0.47159669E-01
  0.49257813E+03     -0.47258525E-01
  0.49279692E+03     -0.47357051E-01
  0.49301454E+03     -0.47455247E-01
  0.49323100E+03     -0.47553112E-01
  0.49344630E+03     -0.47650641E-01
  0.49366044E+03     -0.47747835E-01
  0.49387343E+03     -0.47844692E-01
  0.49408526E+03     -0.47941210E-01
  0.49429595E+03     -0.48037387E-01
  0.49450549E+03     -0.48133223E-01
  0.49471390E+03     -0.48228715E-01
  0.49492116E+03     -0.48323861E-01
  0.49512728E+03     -0.48418662E-01
  0.49533228E+03     -0.48513114E-01
  0.49553614E+03     -0.48607217E-01
  0.49573888E+03     -0.48700970E-01
  0.49594049E+03     -0.48794370E-01
  0.49614099E+03     -0.48887417E-01
  0.49634037E+03     -0.48980108E-01
  0.49653863E+03     -0.49072444E-01
  0.49673579E+03     -0.49164421E-01
  0.49693183E+03     -0.49256039E-01
  0.49712677E+03     -0.49347298E-01
  0.49732061E+03     -0.49438196E-01
  0.49751335E+03     -0.49528730E-01
  0.49770500E+03     -0.49618901E-01
  0.49789555E+03     -0.49708708E-01
  0.49808502E+03     -0.49798148E-01
  0.49827340E+03     -0.49887221E-01
  0.49846070E+03     -0.49975927E-01
  0.49864692E+03     -0.50064264E-01
  0.49883206E+03     -0.50152230E-01
  0.49901612E+03     -0.50239825E-01
  0.49919912E+03     -0.50327048E-01
  0.49938105E+03     -0.50413898E-01
  0.49956192E+03     -0.50500375E-01
  0.49974173E+03     -0.50586848E-01
  0.49992047E+03     -0.50673153E-01
  0.50009817E+03     -0.50759081E-01
  0.50027481E+03     -0.50844630E-01
  0.50045041E+03     -0.50929799E-01
  0.50062495E+03     -0.51014588E-01
  0.50079846E+03     -0.51098996E-01
  0.50097093E+03     -0.51183022E-01
  0.50114236E+03     -0.51266665E-01
  0.50131276E+03     -0.51349925E-01
  0.50148213E+03     -0.51432802E-01
  0.50165047E+03     -0.51515294E-01
  0.50181779E+03     -0.51597400E-01
  0.50198409E+03     -0.51679120E-01
  0.50214938E+03     -0.51760455E-01
  0.50231364E+03     -0.51841806E-01
  0.50247690E+03     -0.51925189E-01
  0.50263915E+03     -0.52011459E-01
  0.50280040E+03     -0.52097351E-01
  0.50296064E+03     -0.52182863E-01
  0.50311989E+03     -0.52267997E-01
  0.50327814E+03     -0.52352748E-01
  0.50343539E+03     -0.52437117E-01
  0.50359166E+03     -0.52521104E-01
  0.50374695E+03     -0.52609452E-01
  0.50390125E+03     -0.52697431E-01
  0.50405457E+03     -0.52785029E-01
  0.50420691E+03     -0.52872534E-01
  0.50435828E+03     -0.52962374E-01
  0.50450868E+03     -0.53051822E-01
  0.50465811E+03     -0.53142319E-01
  0.50480658E+03     -0.53232647E-01
  0.50495409E+03     -0.53322599E-01
  0.50510064E+03     -0.53412164E-01
  0.50524624E+03     -0.53501339E-01
  0.50539088E+03     -0.53590122E-01
  0.50553457E+03     -0.53678513E-01
  0.50567732E+03     -0.53766508E-01
  0.50581913E+03     -0.53854107E-01
  0.50596000E+03     -0.53941308E-01
  0.50609993E+03     -0.54028109E-01
  0.50623893E+03     -0.54114509E-01
  0.50637700E+03     -0.54200506E-01
  0.50651415E+03     -0.54286099E-01
  0.50665037E+03     -0.54371287E-01
  0.50678566E+03     -0.54456066E-01
  0.50692005E+03     -0.54540437E-01
  0.50705351E+03     -0.54624399E-01
  0.50718607E+03     -0.54707949E-01
  0.50731772E+03     -0.54791087E-01
  0.50744846E+03     -0.54873811E-01
  0.50757831E+03     -0.54956120E-01
  0.50770725E+03     -0.55038013E-01
  0.50783530E+03     -0.55119490E-01
  0.50796246E+03     -0.55200547E-01
  0.50808872E+03     -0.55281185E-01
  0.50821410E+03     -0.55361403E-01
  0.50833860E+03     -0.55441199E-01
  0.50846222E+03     -0.55520573E-01
  0.50858496E+03     -0.55599524E-01
  0.50870683E+03     -0.55678051E-01
  0.50882782E+03     -0.55756509E-01
  0.50894795E+03     -0.55836076E-01
  0.50906722E+03     -0.55915206E-01
  0.50918563E+03     -0.55993908E-01
  0.50930317E+03     -0.56072182E-01
  0.50941986E+03     -0.56150026E-01
  0.50953570E+03     -0.56227439E-01
  0.50965069E+03     -0.56304421E-01
  0.50976484E+03     -0.56380972E-01
  0.50987814E+03     -0.56457088E-01
  0.50999061E+03     -0.56532771E-01
  0.51010224E+03     -0.56608021E-01
  0.51021303E+03     -0.56682834E-01
  0.51032300E+03     -0.56757212E-01
  0.51043213E+03     -0.56831154E-01
  0.51054045E+03     -0.56904659E-01
  0.51064794E+03     -0.56977726E-01
  0.51075462E+03     -0.57050965E-01
  0.51086048E+03     -0.57124019E-01
  0.51096553E+03     -0.57196634E-01
  0.51106977E+03     -0.57268809E-01
  0.51117321E+03     -0.57340907E-01
  0.51127585E+03     -0.57417003E-01
  0.51137769E+03     -0.57492656E-01
  0.51147873E+03     -0.57567862E-01
  0.51157898E+03     -0.57642619E-01
  0.51167844E+03     -0.57716929E-01
  0.51177711E+03     -0.57790788E-01
  0.51187500E+03     -0.57864198E-01
  0.51197211E+03     -0.57937157E-01
  0.51206844E+03     -0.58009663E-01
  0.51216400E+03     -0.58081718E-01
  0.51225879E+03     -0.58153319E-01
  0.51235281E+03     -0.58224468E-01
  0.51244607E+03     -0.58295161E-01
  0.51253857E+03     -0.58365400E-01
  0.51263031E+03     -0.58435184E-01
  0.51272129E+03     -0.58510385E-01
  0.51281152E+03     -0.58587473E-01
  0.51290100E+03     -0.58664113E-01
  0.51298974E+03     -0.58740300E-01
  0.51307773E+03     -0.58816033E-01
  0.51316499E+03     -0.58891312E-01
  0.51325151E+03     -0.58966135E-01
  0.51333729E+03     -0.59055477E-01
  0.51342234E+03     -0.59155208E-01
  0.51350667E+03     -0.59254829E-01
  0.51359028E+03     -0.59354326E-01
  0.51367316E+03     -0.59453695E-01
  0.51375533E+03     -0.59552930E-01
  0.51383678E+03     -0.59652023E-01
  0.51391752E+03     -0.59750970E-01
  0.51399755E+03     -0.59849763E-01
  0.51407688E+03     -0.59948395E-01
  0.51415550E+03     -0.60046861E-01
  0.51423343E+03     -0.60145153E-01
  0.51431066E+03     -0.60243264E-01
  0.51438719E+03     -0.60341188E-01
  0.51446304E+03     -0.60438916E-01
  0.51453820E+03     -0.60536443E-01
  0.51461268E+03     -0.60633761E-01
  0.51468648E+03     -0.60730861E-01
  0.51475960E+03     -0.60827737E-01
  0.51483204E+03     -0.60933062E-01
  0.51490382E+03     -0.61053733E-01
  0.51497493E+03     -0.61184566E-01
  0.51504537E+03     -0.61318069E-01
  0.51511516E+03     -0.61452787E-01
  0.51518428E+03     -0.61588764E-01
  0.51525275E+03     -0.61726051E-01
  0.51532057E+03     -0.61864793E-01
  0.51538773E+03     -0.62008760E-01
  0.51545426E+03     -0.62154268E-01
  0.51552013E+03     -0.62301375E-01
  0.51558537E+03     -0.62450148E-01
  0.51564998E+03     -0.62600656E-01
  0.51571395E+03     -0.62752973E-01
  0.51577729E+03     -0.62907177E-01
  0.51584000E+03     -0.63063350E-01
  0.51590209E+03     -0.63221580E-01
  0.51596356E+03     -0.63381959E-01
  0.51602441E+03     -0.63544589E-01
  0.51608464E+03     -0.63709571E-01
  0.51614426E+03     -0.63877018E-01
  0.51620328E+03     -0.64047048E-01
  0.51626169E+03     -0.64219789E-01
  0.51631950E+03     -0.64395374E-01
  0.51637671E+03     -0.64573949E-01
  0.51643332E+03     -0.64755665E-01
  0.51648934E+03     -0.64940690E-01
  0.51654477E+03     -0.65138590E-01
  0.51659961E+03     -0.65348605E-01
  0.51665387E+03     -0.65563766E-01
  0.51670755E+03     -0.65784387E-01
  0.51676066E+03     -0.66010837E-01
  0.51681319E+03     -0.66249115E-01
  0.51686514E+03     -0.66496779E-01
  0.51691653E+03     -0.66751902E-01
  0.51696736E+03     -0.67015012E-01
  0.51701762E+03     -0.67286699E-01
  0.51706733E+03     -0.67567619E-01
  0.51711648E+03     -0.67858492E-01
  0.51716508E+03     -0.68160111E-01
  0.51721312E+03     -0.68473352E-01
  0.51726063E+03     -0.68799185E-01
  0.51730759E+03     -0.69138692E-01
  0.51735401E+03     -0.69493048E-01
  0.51739989E+03     -0.69863230E-01
  0.51744524E+03     -0.70250125E-01
